FIRST_REPLAY_STDOUT
SHA=869aefdec0d5fe046176e09e690d0e7d928ab53566b641fa6ace912bda31160e
BODY=674
PHRASE	Sonuç olarak	COUNT=1	161
PHRASE	Netice itibarıyla	COUNT=0	
PHRASE	Hülasa	COUNT=0	
PHRASE	Bütün bu veriler	COUNT=1	49
PHRASE	Bütün bunlar birlikte düşünüldüğünde	COUNT=0	
PHRASE	Bu bağlamda	COUNT=8	166,168,187,269,275,279,315,350
PHRASE	Bu çerçevede	COUNT=17	52,116,193,205,263,269,294,313,316,339,350,353,377,384,395,402,404
PHRASE	göstermektedir	COUNT=108	17,22,24,44,46,46,51,52,72,73,86,90,99,103,107,109,112,113,123,150,151,160,160,170,174,181,183,195,208,208,220,221,221,226,231,234,241,242,256,258,259,263,263,270,272,278,279,279,284,285,289,291,291,304,312,312,315,316,317,333,352,353,353,356,358,363,364,366,371,376,378,385,385,387,389,391,393,397,398,399,399,401,403,407,409,410,411,414,416,417,419,419,425,426,426,428,431,431,432,437,438,440,440,447,448,448,449,453
PHRASE	ortaya koymaktadır	COUNT=29	44,132,191,215,247,280,290,290,311,312,319,319,332,352,354,355,357,364,366,374,388,389,390,391,393,394,394,399,431
PHRASE	açıkça ortaya koymaktadır	COUNT=4	290,332,352,394
PHRASE	anlaşılmaktadır	COUNT=18	49,60,92,291,304,309,313,333,342,355,371,371,397,399,404,407,411,429
PHRASE	Nitekim	COUNT=69	63,66,120,132,140,149,154,159,222,256,268,277,283,284,284,289,290,292,302,304,305,308,309,311,311,313,313,315,317,318,331,332,333,338,350,353,353,357,363,366,368,374,376,380,383,388,389,390,391,394,397,399,401,401,402,407,410,414,415,416,417,419,420,426,428,429,430,431,433
PHRASE	Dolayısıyla	COUNT=35	74,90,101,108,109,115,132,183,191,195,204,214,222,225,234,242,284,284,290,291,297,298,306,311,312,313,317,319,331,340,342,357,367,368,391
PHRASE	Böylece	COUNT=49	75,99,105,116,125,183,186,190,242,243,245,263,267,268,269,279,284,291,298,304,309,311,313,317,318,339,341,353,356,357,371,374,374,377,379,380,385,386,390,397,399,403,417,419,425,433,435,447,450
PHRASE	Bu noktada	COUNT=4	342,352,365,399
PHRASE	Bu yönüyle	COUNT=5	109,309,319,337,418
PHRASE	Bununla birlikte	COUNT=40	11,12,17,51,52,52,68,82,92,98,122,139,160,165,183,215,232,238,243,262,280,282,306,329,335,342,352,364,372,399,401,401,411,415,419,421,432,433,434,453
PHRASE	Diğer bir ifadeyle	COUNT=3	173,190,193
PHRASE	Başka bir ifadeyle	COUNT=6	276,305,339,363,387,399
PHRASE	dikkat çekici	COUNT=23	44,61,74,95,143,191,256,267,279,290,291,292,294,298,312,343,353,376,386,387,394,399,419
PHRASE	önemlidir	COUNT=17	11,20,44,48,122,125,190,280,295,306,357,361,372,395,400,415,427
PHRASE	önem arz etmektedir	COUNT=0	
PHRASE	Vurgulamak gerekir	COUNT=0	
PHRASE	vurgulamak gerekir	COUNT=0	
PHRASE	Bu durum	COUNT=43	26,44,53,73,80,84,86,95,160,172,174,183,206,208,218,226,239,241,244,256,260,289,311,318,338,342,352,353,363,387,389,399,402,403,403,410,411,415,416,419,425,431,440
PHRASE	Bu yaklaşım	COUNT=21	24,68,122,126,190,269,290,291,292,292,293,302,303,304,311,332,338,340,398,409,454
PHRASE	Bu süreç	COUNT=6	43,74,120,186,432,440
AUTHOR_NEGATIVE	değildir	COUNT=45	22,46,52,102,137,142,173,188,211,213,214,215,257,259,260,271,276,280,292,293,297,299,305,315,331,335,337,340,342,352,359,369,375,375,376,381,384,385,402,408,413,418,421,447,453
AUTHOR_NEGATIVE	değil	COUNT=146	22,23,23,42,43,46,52,52,54,65,66,102,114,115,116,131,131,132,133,137,142,149,158,159,160,161,173,173,183,188,190,194,203,204,211,213,213,213,214,214,215,215,216,218,219,219,219,220,220,221,221,227,227,227,227,227,230,233,234,240,240,241,242,242,244,245,245,245,247,256,257,257,258,259,260,263,263,263,267,267,268,268,269,269,270,271,276,276,277,280,284,284,284,292,293,293,294,297,299,301,303,304,305,305,313,315,316,316,317,323,324,331,332,335,337,340,341,342,342,352,352,353,358,359,364,367,369,375,375,376,381,384,385,392,399,402,408,413,416,418,419,421,445,447,453,455
QUOTE_NEGATIVES
QNEG	P298	“Bugün mushafın, imamların ilkyazım ıstılâhı üzere yazılması câiz değildir; zira bu, cahillerin hataya düşmesine yol açabilir.”
QNEG	P302	“Kim benim sünnetimden yüz çevirirse benden değildir.”
BYTE_IDENTICAL_COPY=PASS

SECOND_REPLAY_STDOUT
SHA=869aefdec0d5fe046176e09e690d0e7d928ab53566b641fa6ace912bda31160e
BODY=674
PHRASE	Sonuç olarak	COUNT=1	161
PHRASE	Netice itibarıyla	COUNT=0	
PHRASE	Hülasa	COUNT=0	
PHRASE	Bütün bu veriler	COUNT=1	49
PHRASE	Bütün bunlar birlikte düşünüldüğünde	COUNT=0	
PHRASE	Bu bağlamda	COUNT=8	166,168,187,269,275,279,315,350
PHRASE	Bu çerçevede	COUNT=17	52,116,193,205,263,269,294,313,316,339,350,353,377,384,395,402,404
PHRASE	göstermektedir	COUNT=108	17,22,24,44,46,46,51,52,72,73,86,90,99,103,107,109,112,113,123,150,151,160,160,170,174,181,183,195,208,208,220,221,221,226,231,234,241,242,256,258,259,263,263,270,272,278,279,279,284,285,289,291,291,304,312,312,315,316,317,333,352,353,353,356,358,363,364,366,371,376,378,385,385,387,389,391,393,397,398,399,399,401,403,407,409,410,411,414,416,417,419,419,425,426,426,428,431,431,432,437,438,440,440,447,448,448,449,453
PHRASE	ortaya koymaktadır	COUNT=29	44,132,191,215,247,280,290,290,311,312,319,319,332,352,354,355,357,364,366,374,388,389,390,391,393,394,394,399,431
PHRASE	açıkça ortaya koymaktadır	COUNT=4	290,332,352,394
PHRASE	anlaşılmaktadır	COUNT=18	49,60,92,291,304,309,313,333,342,355,371,371,397,399,404,407,411,429
PHRASE	Nitekim	COUNT=69	63,66,120,132,140,149,154,159,222,256,268,277,283,284,284,289,290,292,302,304,305,308,309,311,311,313,313,315,317,318,331,332,333,338,350,353,353,357,363,366,368,374,376,380,383,388,389,390,391,394,397,399,401,401,402,407,410,414,415,416,417,419,420,426,428,429,430,431,433
PHRASE	Dolayısıyla	COUNT=35	74,90,101,108,109,115,132,183,191,195,204,214,222,225,234,242,284,284,290,291,297,298,306,311,312,313,317,319,331,340,342,357,367,368,391
PHRASE	Böylece	COUNT=49	75,99,105,116,125,183,186,190,242,243,245,263,267,268,269,279,284,291,298,304,309,311,313,317,318,339,341,353,356,357,371,374,374,377,379,380,385,386,390,397,399,403,417,419,425,433,435,447,450
PHRASE	Bu noktada	COUNT=4	342,352,365,399
PHRASE	Bu yönüyle	COUNT=5	109,309,319,337,418
PHRASE	Bununla birlikte	COUNT=40	11,12,17,51,52,52,68,82,92,98,122,139,160,165,183,215,232,238,243,262,280,282,306,329,335,342,352,364,372,399,401,401,411,415,419,421,432,433,434,453
PHRASE	Diğer bir ifadeyle	COUNT=3	173,190,193
PHRASE	Başka bir ifadeyle	COUNT=6	276,305,339,363,387,399
PHRASE	dikkat çekici	COUNT=23	44,61,74,95,143,191,256,267,279,290,291,292,294,298,312,343,353,376,386,387,394,399,419
PHRASE	önemlidir	COUNT=17	11,20,44,48,122,125,190,280,295,306,357,361,372,395,400,415,427
PHRASE	önem arz etmektedir	COUNT=0	
PHRASE	Vurgulamak gerekir	COUNT=0	
PHRASE	vurgulamak gerekir	COUNT=0	
PHRASE	Bu durum	COUNT=43	26,44,53,73,80,84,86,95,160,172,174,183,206,208,218,226,239,241,244,256,260,289,311,318,338,342,352,353,363,387,389,399,402,403,403,410,411,415,416,419,425,431,440
PHRASE	Bu yaklaşım	COUNT=21	24,68,122,126,190,269,290,291,292,292,293,302,303,304,311,332,338,340,398,409,454
PHRASE	Bu süreç	COUNT=6	43,74,120,186,432,440
AUTHOR_NEGATIVE	değildir	COUNT=45	22,46,52,102,137,142,173,188,211,213,214,215,257,259,260,271,276,280,292,293,297,299,305,315,331,335,337,340,342,352,359,369,375,375,376,381,384,385,402,408,413,418,421,447,453
AUTHOR_NEGATIVE	değil	COUNT=146	22,23,23,42,43,46,52,52,54,65,66,102,114,115,116,131,131,132,133,137,142,149,158,159,160,161,173,173,183,188,190,194,203,204,211,213,213,213,214,214,215,215,216,218,219,219,219,220,220,221,221,227,227,227,227,227,230,233,234,240,240,241,242,242,244,245,245,245,247,256,257,257,258,259,260,263,263,263,267,267,268,268,269,269,270,271,276,276,277,280,284,284,284,292,293,293,294,297,299,301,303,304,305,305,313,315,316,316,317,323,324,331,332,335,337,340,341,342,342,352,352,353,358,359,364,367,369,375,375,376,381,384,385,392,399,402,408,413,416,418,419,421,445,447,453,455
QUOTE_NEGATIVES
QNEG	P298	“Bugün mushafın, imamların ilkyazım ıstılâhı üzere yazılması câiz değildir; zira bu, cahillerin hataya düşmesine yol açabilir.”
QNEG	P302	“Kim benim sünnetimden yüz çevirirse benden değildir.”
BYTE_IDENTICAL_COPY=PASS

BYTE_IDENTICAL=PASS
