FIRST_REPLAY_STDOUT
SPECIFIC_TARGETS
F5-019	HITS=[]
F5-020	HITS=[62]
F5-021	HITS=[]
F5-022	HITS=[]
F5-023	HITS=[74]
F5-024	HITS=[84]
F5-025	HITS=[]
F5-026	HITS=[109]
F5-027	HITS=[117]
F5-028	HITS=[]
F5-029	HITS=[]
F5-030	HITS=[]
F5-031	HITS=[]
F5-032	HITS=[129]
F5-033	HITS=[134]
F5-034	HITS=[156]
F5-035	HITS=[304]
F5-036	HITS=[152]
F5-037	HITS=[163]
F5-038	HITS=[]
F5-039	HITS=[]
F5-040	HITS=[178]
F5-041	HITS=[181]
F5-042	HITS=[196]
F5-043	HITS=[203]
F5-044	HITS=[203]
F5-045	HITS=[206]
F5-046	HITS=[]
F5-047	HITS=[]
F5-048	HITS=[216]
F5-049	HITS=[220]
F5-050	HITS=[]
F5-051	HITS=[]
F5-052	HITS=[]
F5-053	HITS=[]
F5-054	HITS=[193]
F5-055	HITS=[]
F5-056	HITS=[283]
F5-057	HITS=[]
F5-058	HITS=[263]
F5-059	HITS=[266]
F5-060	HITS=[279]
F5-061	HITS=[]
F5-062	HITS=[290]
F5-063	HITS=[]
F5-064	HITS=[]
F5-065	HITS=[350]
F5-066	HITS=[350]
F5-067	HITS=[]
F5-068	HITS=[]
F5-069	HITS=[369]
F5-070	HITS=[]
F5-071	HITS=[]
F5-072	HITS=[385]
F5-073	HITS=[393]
F5-074	HITS=[]
F5-075	HITS=[]
F5-076	HITS=[406]
F5-077	HITS=[]
F5-078	HITS=[]
F5-079	HITS=[425]
F5-080	HITS=[]
F5-081	HITS=[444]
F5-082	HITS=[]
F5-083	HITS=[]
F5-084	HITS=[451]
F5-085	HITS=[]
GLOBAL_PATTERNS
PATTERN	Sonuç olarak	COUNT=7	117,124,129,135,156,161,196
PATTERN	Netice itibarıyla	COUNT=1	193
PATTERN	Hülasa	COUNT=0	
PATTERN	Bütün bu veriler	COUNT=1	49
PATTERN	Bütün bunlar birlikte düşünüldüğünde	COUNT=0	
PATTERN	Bu bağlamda	COUNT=15	74,156,163,166,168,187,220,267,269,275,277,279,315,350,416
PATTERN	Bu çerçevede	COUNT=20	52,59,116,193,205,263,269,294,313,316,339,350,353,377,384,393,394,395,402,404
PATTERN	göstermektedir	COUNT=112	17,22,24,44,46,46,51,52,72,73,86,90,99,103,107,109,112,113,123,135,150,151,160,160,170,174,181,183,195,208,208,220,221,221,226,231,234,241,242,256,258,259,263,263,270,272,278,279,279,283,284,285,289,291,291,304,312,312,315,316,317,333,352,353,353,356,358,363,364,366,369,371,376,378,385,385,387,389,391,393,397,398,399,399,401,403,407,409,410,411,414,416,417,419,419,425,426,426,428,431,431,432,437,438,440,440,444,447,448,448,449,453
PATTERN	ortaya koymaktadır	COUNT=31	44,129,132,191,215,247,280,290,290,311,312,319,319,332,352,354,355,357,364,366,369,374,388,389,390,391,393,394,394,399,431
PATTERN	açıkça ortaya koymaktadır	COUNT=5	290,332,352,369,394
PATTERN	anlaşılmaktadır	COUNT=20	49,60,92,156,291,304,309,313,333,342,355,371,371,397,399,404,407,411,412,429
PATTERN	Nitekim	COUNT=72	62,63,66,113,120,132,140,149,154,159,222,256,266,268,277,283,284,284,289,290,292,302,304,305,308,309,311,311,313,313,315,317,318,331,332,333,338,350,353,353,357,363,366,368,374,376,380,383,388,389,390,391,394,397,399,401,401,402,407,410,414,415,416,417,419,420,426,428,429,430,431,433
PATTERN	Dolayısıyla	COUNT=42	62,74,77,84,90,101,108,109,115,132,183,191,195,204,214,222,225,234,242,284,284,290,291,297,298,306,308,311,312,313,317,319,331,333,340,342,357,367,368,391,402,412
PATTERN	Böylece	COUNT=60	60,75,99,105,109,116,117,125,183,186,190,196,241,242,243,245,263,266,267,268,269,271,279,283,284,291,298,304,309,311,313,317,318,339,341,353,353,356,357,369,371,374,374,377,379,380,385,386,390,397,399,402,403,417,419,425,433,435,447,450
PATTERN	Bu noktada	COUNT=10	60,85,267,313,342,352,365,369,377,399
PATTERN	Bu yönüyle	COUNT=6	109,181,309,319,337,418
PATTERN	Bununla birlikte	COUNT=41	11,12,17,51,52,52,68,82,92,98,122,139,160,165,183,215,232,238,243,262,280,282,306,329,335,342,352,364,372,399,401,401,411,415,419,421,432,433,434,444,453
PATTERN	Diğer bir ifadeyle	COUNT=6	173,181,190,193,203,279
PATTERN	Başka bir ifadeyle	COUNT=8	266,276,305,339,363,387,399,425
PATTERN	dikkat çekici	COUNT=26	44,61,74,95,143,163,191,256,267,279,290,291,292,294,298,312,343,353,369,376,377,386,387,394,399,419
PATTERN	önemlidir	COUNT=17	11,20,44,48,122,125,190,280,295,306,357,361,372,395,400,415,427
PATTERN	önem arz etmektedir	COUNT=1	178
PATTERN	Vurgulamak gerekir	COUNT=0	
PATTERN	vurgulamak gerekir	COUNT=0	
PATTERN	Bu durum	COUNT=60	18,26,44,53,62,66,73,76,80,84,85,85,86,90,95,132,148,160,172,174,178,178,183,183,206,208,214,218,226,239,239,241,244,256,260,289,290,293,311,318,333,338,342,352,353,363,387,389,399,402,403,403,410,411,415,416,419,425,431,440
PATTERN	Bu yaklaşım	COUNT=41	24,68,101,122,123,126,143,190,190,191,208,244,266,269,275,279,290,291,292,292,293,297,298,302,303,304,308,311,311,312,332,338,338,338,340,342,387,395,398,409,454
PATTERN	Bu süreç	COUNT=9	43,60,74,120,186,196,415,432,440
AUTHOR_NEGATIVE	değildir	PARAS=[22, 46, 52, 102, 137, 142, 152, 163, 173, 178, 181, 188, 211, 213, 214, 215, 257, 259, 260, 266, 271, 276, 280, 290, 292, 293, 297, 299, 305, 315, 331, 335, 337, 340, 342, 352, 359, 369, 375, 376, 381, 384, 385, 402, 408, 412, 413, 418, 421, 447, 451, 453]
AUTHOR_NEGATIVE	değil	PARAS=[22, 23, 42, 43, 46, 52, 54, 65, 66, 102, 114, 115, 116, 117, 129, 131, 132, 133, 134, 137, 142, 149, 152, 158, 159, 160, 161, 163, 173, 178, 181, 183, 188, 190, 193, 194, 203, 204, 211, 213, 214, 215, 216, 218, 219, 220, 221, 227, 230, 233, 234, 240, 241, 242, 244, 245, 247, 256, 257, 258, 259, 260, 263, 266, 267, 268, 269, 270, 271, 276, 277, 280, 284, 290, 292, 293, 294, 297, 299, 301, 303, 304, 305, 313, 315, 316, 317, 323, 324, 331, 332, 335, 337, 340, 341, 342, 352, 353, 358, 359, 364, 367, 369, 375, 376, 381, 384, 385, 392, 399, 402, 408, 412, 413, 416, 418, 419, 421, 445, 447, 451, 453, 455]
BYTE_IDENTICAL_COPY=PASS

SECOND_REPLAY_STDOUT
SPECIFIC_TARGETS
F5-019	HITS=[]
F5-020	HITS=[62]
F5-021	HITS=[]
F5-022	HITS=[]
F5-023	HITS=[74]
F5-024	HITS=[84]
F5-025	HITS=[]
F5-026	HITS=[109]
F5-027	HITS=[117]
F5-028	HITS=[]
F5-029	HITS=[]
F5-030	HITS=[]
F5-031	HITS=[]
F5-032	HITS=[129]
F5-033	HITS=[134]
F5-034	HITS=[156]
F5-035	HITS=[304]
F5-036	HITS=[152]
F5-037	HITS=[163]
F5-038	HITS=[]
F5-039	HITS=[]
F5-040	HITS=[178]
F5-041	HITS=[181]
F5-042	HITS=[196]
F5-043	HITS=[203]
F5-044	HITS=[203]
F5-045	HITS=[206]
F5-046	HITS=[]
F5-047	HITS=[]
F5-048	HITS=[216]
F5-049	HITS=[220]
F5-050	HITS=[]
F5-051	HITS=[]
F5-052	HITS=[]
F5-053	HITS=[]
F5-054	HITS=[193]
F5-055	HITS=[]
F5-056	HITS=[283]
F5-057	HITS=[]
F5-058	HITS=[263]
F5-059	HITS=[266]
F5-060	HITS=[279]
F5-061	HITS=[]
F5-062	HITS=[290]
F5-063	HITS=[]
F5-064	HITS=[]
F5-065	HITS=[350]
F5-066	HITS=[350]
F5-067	HITS=[]
F5-068	HITS=[]
F5-069	HITS=[369]
F5-070	HITS=[]
F5-071	HITS=[]
F5-072	HITS=[385]
F5-073	HITS=[393]
F5-074	HITS=[]
F5-075	HITS=[]
F5-076	HITS=[406]
F5-077	HITS=[]
F5-078	HITS=[]
F5-079	HITS=[425]
F5-080	HITS=[]
F5-081	HITS=[444]
F5-082	HITS=[]
F5-083	HITS=[]
F5-084	HITS=[451]
F5-085	HITS=[]
GLOBAL_PATTERNS
PATTERN	Sonuç olarak	COUNT=7	117,124,129,135,156,161,196
PATTERN	Netice itibarıyla	COUNT=1	193
PATTERN	Hülasa	COUNT=0	
PATTERN	Bütün bu veriler	COUNT=1	49
PATTERN	Bütün bunlar birlikte düşünüldüğünde	COUNT=0	
PATTERN	Bu bağlamda	COUNT=15	74,156,163,166,168,187,220,267,269,275,277,279,315,350,416
PATTERN	Bu çerçevede	COUNT=20	52,59,116,193,205,263,269,294,313,316,339,350,353,377,384,393,394,395,402,404
PATTERN	göstermektedir	COUNT=112	17,22,24,44,46,46,51,52,72,73,86,90,99,103,107,109,112,113,123,135,150,151,160,160,170,174,181,183,195,208,208,220,221,221,226,231,234,241,242,256,258,259,263,263,270,272,278,279,279,283,284,285,289,291,291,304,312,312,315,316,317,333,352,353,353,356,358,363,364,366,369,371,376,378,385,385,387,389,391,393,397,398,399,399,401,403,407,409,410,411,414,416,417,419,419,425,426,426,428,431,431,432,437,438,440,440,444,447,448,448,449,453
PATTERN	ortaya koymaktadır	COUNT=31	44,129,132,191,215,247,280,290,290,311,312,319,319,332,352,354,355,357,364,366,369,374,388,389,390,391,393,394,394,399,431
PATTERN	açıkça ortaya koymaktadır	COUNT=5	290,332,352,369,394
PATTERN	anlaşılmaktadır	COUNT=20	49,60,92,156,291,304,309,313,333,342,355,371,371,397,399,404,407,411,412,429
PATTERN	Nitekim	COUNT=72	62,63,66,113,120,132,140,149,154,159,222,256,266,268,277,283,284,284,289,290,292,302,304,305,308,309,311,311,313,313,315,317,318,331,332,333,338,350,353,353,357,363,366,368,374,376,380,383,388,389,390,391,394,397,399,401,401,402,407,410,414,415,416,417,419,420,426,428,429,430,431,433
PATTERN	Dolayısıyla	COUNT=42	62,74,77,84,90,101,108,109,115,132,183,191,195,204,214,222,225,234,242,284,284,290,291,297,298,306,308,311,312,313,317,319,331,333,340,342,357,367,368,391,402,412
PATTERN	Böylece	COUNT=60	60,75,99,105,109,116,117,125,183,186,190,196,241,242,243,245,263,266,267,268,269,271,279,283,284,291,298,304,309,311,313,317,318,339,341,353,353,356,357,369,371,374,374,377,379,380,385,386,390,397,399,402,403,417,419,425,433,435,447,450
PATTERN	Bu noktada	COUNT=10	60,85,267,313,342,352,365,369,377,399
PATTERN	Bu yönüyle	COUNT=6	109,181,309,319,337,418
PATTERN	Bununla birlikte	COUNT=41	11,12,17,51,52,52,68,82,92,98,122,139,160,165,183,215,232,238,243,262,280,282,306,329,335,342,352,364,372,399,401,401,411,415,419,421,432,433,434,444,453
PATTERN	Diğer bir ifadeyle	COUNT=6	173,181,190,193,203,279
PATTERN	Başka bir ifadeyle	COUNT=8	266,276,305,339,363,387,399,425
PATTERN	dikkat çekici	COUNT=26	44,61,74,95,143,163,191,256,267,279,290,291,292,294,298,312,343,353,369,376,377,386,387,394,399,419
PATTERN	önemlidir	COUNT=17	11,20,44,48,122,125,190,280,295,306,357,361,372,395,400,415,427
PATTERN	önem arz etmektedir	COUNT=1	178
PATTERN	Vurgulamak gerekir	COUNT=0	
PATTERN	vurgulamak gerekir	COUNT=0	
PATTERN	Bu durum	COUNT=60	18,26,44,53,62,66,73,76,80,84,85,85,86,90,95,132,148,160,172,174,178,178,183,183,206,208,214,218,226,239,239,241,244,256,260,289,290,293,311,318,333,338,342,352,353,363,387,389,399,402,403,403,410,411,415,416,419,425,431,440
PATTERN	Bu yaklaşım	COUNT=41	24,68,101,122,123,126,143,190,190,191,208,244,266,269,275,279,290,291,292,292,293,297,298,302,303,304,308,311,311,312,332,338,338,338,340,342,387,395,398,409,454
PATTERN	Bu süreç	COUNT=9	43,60,74,120,186,196,415,432,440
AUTHOR_NEGATIVE	değildir	PARAS=[22, 46, 52, 102, 137, 142, 152, 163, 173, 178, 181, 188, 211, 213, 214, 215, 257, 259, 260, 266, 271, 276, 280, 290, 292, 293, 297, 299, 305, 315, 331, 335, 337, 340, 342, 352, 359, 369, 375, 376, 381, 384, 385, 402, 408, 412, 413, 418, 421, 447, 451, 453]
AUTHOR_NEGATIVE	değil	PARAS=[22, 23, 42, 43, 46, 52, 54, 65, 66, 102, 114, 115, 116, 117, 129, 131, 132, 133, 134, 137, 142, 149, 152, 158, 159, 160, 161, 163, 173, 178, 181, 183, 188, 190, 193, 194, 203, 204, 211, 213, 214, 215, 216, 218, 219, 220, 221, 227, 230, 233, 234, 240, 241, 242, 244, 245, 247, 256, 257, 258, 259, 260, 263, 266, 267, 268, 269, 270, 271, 276, 277, 280, 284, 290, 292, 293, 294, 297, 299, 301, 303, 304, 305, 313, 315, 316, 317, 323, 324, 331, 332, 335, 337, 340, 341, 342, 352, 353, 358, 359, 364, 367, 369, 375, 376, 381, 384, 385, 392, 399, 402, 408, 412, 413, 416, 418, 419, 421, 445, 447, 451, 453, 455]
BYTE_IDENTICAL_COPY=PASS

BYTE_IDENTICAL=PASS
